2022 MONTHLY CO2 (PPMV)   24  12  LON/LAT (N-S/0-360E) IN 15 DEGREE RESOLUTION,  GLB ANNUAL MEAN = 418.68,  GROWTH RATE = 2.68,  MISS DATA = -99.99
 425.27 425.27 425.27 425.27 425.27 425.27 425.27 425.27 425.27 425.27 425.27 425.27 425.27 425.27 425.27 425.27 425.27 425.27 425.27 425.27 425.27 425.27 425.27 425.27
 427.29 426.72 425.26 424.45 424.83 425.96 427.06 428.06 428.28 427.25 425.61 424.41 424.09 423.82 423.56 424.62 425.41 426.07 425.82 425.20 424.23 423.17 423.67 425.72
 436.84 432.85 426.23 425.10 425.55 425.18 425.20 425.58 426.25 425.35 424.16 423.41 423.11 422.63 422.97 423.71 425.53 426.69 427.08 427.23 425.12 424.32 424.11 425.39
 425.32 426.69 426.32 426.01 425.98 425.20 425.46 425.66 425.92 424.68 422.38 421.83 421.43 420.92 421.40 422.83 423.26 425.09 426.57 426.25 425.82 424.15 423.35 423.85
 420.64 421.02 422.44 422.95 424.37 424.80 427.26 448.33 423.02 422.06 418.40 419.96 419.48 419.07 419.68 420.60 421.32 421.77 422.74 424.20 423.10 422.15 420.81 419.97
 417.25 417.84 418.52 419.00 421.18 425.32 429.97 428.38 425.41 420.23 418.79 417.98 417.39 417.37 418.30 419.38 419.71 419.55 419.87 420.20 420.04 418.72 417.92 417.34
 415.42 415.66 415.91 415.62 419.49 425.55 429.94 427.21 422.17 418.42 417.05 415.92 415.48 416.13 417.50 418.65 419.12 418.54 418.06 417.88 417.28 416.48 416.03 415.49
 415.44 415.60 415.43 415.05 418.18 423.50 427.01 423.97 419.04 415.97 415.16 414.43 414.18 414.94 416.58 417.93 417.87 416.81 416.60 416.42 416.14 415.60 415.43 415.37
 415.03 414.91 414.54 414.15 415.95 418.84 421.19 418.94 416.36 414.19 413.94 413.61 413.63 414.14 415.43 416.12 415.61 414.75 414.71 415.19 414.94 414.96 415.06 415.07
 414.58 414.37 413.91 413.61 414.00 414.88 415.29 414.80 413.98 413.46 413.22 413.24 413.33 413.53 414.16 414.39 414.05 413.72 414.00 413.91 414.23 414.30 414.50 414.65
 414.20 414.02 413.42 413.65 413.66 413.58 413.36 413.21 413.15 413.06 412.99 413.01 413.13 413.24 413.39 413.31 413.31 413.30 413.26 413.34 413.49 413.94 414.18 414.23
 413.41 413.41 413.41 413.41 413.41 413.41 413.41 413.41 413.41 413.41 413.41 413.41 413.41 413.41 413.41 413.41 413.41 413.41 413.41 413.41 413.41 413.41 413.41 413.41
 425.48 425.48 425.48 425.48 425.48 425.48 425.48 425.48 425.48 425.48 425.48 425.48 425.48 425.48 425.48 425.48 425.48 425.48 425.48 425.48 425.48 425.48 425.48 425.48
 424.41 424.99 425.33 425.85 425.96 425.78 425.36 425.36 425.57 425.78 426.04 425.99 425.69 425.28 424.97 425.62 426.17 427.15 427.07 426.45 424.70 423.30 423.24 423.91
 435.35 428.15 424.77 425.83 426.39 425.63 424.98 424.89 425.65 425.86 425.53 425.28 424.76 424.26 424.43 424.95 425.79 425.72 426.12 425.96 424.86 423.86 423.01 422.92
 422.04 423.16 424.32 425.86 426.60 426.33 424.33 424.35 424.85 427.48 424.17 423.59 422.97 422.41 422.89 424.04 423.82 423.53 423.33 424.36 424.65 423.44 422.32 421.90
 419.80 420.43 421.64 422.88 424.71 424.97 424.92 446.36 422.73 422.81 421.53 421.63 421.05 420.53 421.31 422.10 421.93 420.85 421.12 422.28 422.62 421.87 420.40 419.57
 417.36 418.02 418.71 419.26 420.98 423.90 424.76 423.10 421.22 419.99 419.84 419.42 418.85 418.74 419.69 420.82 421.07 420.47 420.37 420.47 420.25 419.20 418.26 417.46
 415.61 416.06 416.57 416.33 418.78 422.21 424.74 422.49 419.59 417.46 417.28 416.96 416.90 417.02 418.50 419.89 420.47 419.61 418.92 418.69 418.16 417.35 416.74 415.92
 415.54 415.73 415.89 415.68 417.31 420.44 422.56 420.57 417.31 415.25 414.94 414.80 414.91 415.67 417.13 418.59 418.81 417.72 417.45 417.12 416.95 416.48 416.19 415.77
 414.93 414.81 414.55 414.24 415.27 417.05 418.51 417.05 415.30 413.72 413.53 413.41 413.81 414.59 416.23 416.71 416.31 415.56 415.45 415.76 415.52 415.51 415.47 415.21
 414.41 414.20 413.76 413.36 413.49 414.08 414.48 414.25 413.64 413.01 412.63 412.67 413.01 413.60 414.69 415.14 414.67 414.15 414.42 414.26 414.47 414.38 414.38 414.44
 413.90 413.82 413.55 413.32 413.13 413.15 413.17 413.19 413.00 412.59 412.26 412.27 412.55 412.93 413.51 413.78 413.78 413.48 413.32 413.31 413.38 413.61 413.68 413.80
 413.06 413.06 413.06 413.06 413.06 413.06 413.06 413.06 413.06 413.06 413.06 413.06 413.06 413.06 413.06 413.06 413.06 413.06 413.06 413.06 413.06 413.06 413.06 413.06
 425.53 425.53 425.53 425.53 425.53 425.53 425.53 425.53 425.53 425.53 425.53 425.53 425.53 425.53 425.53 425.53 425.53 425.53 425.53 425.53 425.53 425.53 425.53 425.53
 425.32 424.82 424.20 424.57 424.32 424.33 424.63 425.30 425.46 425.62 426.09 426.29 426.23 425.82 425.34 425.70 426.41 428.10 428.40 427.70 425.64 424.53 424.91 425.74
 430.63 427.27 424.27 425.17 425.45 424.79 425.26 425.73 426.07 425.76 425.33 425.51 425.25 424.86 424.79 424.97 425.68 426.76 428.19 427.07 424.68 423.58 424.23 425.24
 424.26 424.40 424.59 425.40 426.47 427.82 428.19 428.49 427.55 426.91 424.18 423.62 423.41 423.02 423.25 424.08 424.27 425.15 425.45 424.72 422.99 422.24 422.87 424.25
 421.53 421.63 422.10 422.33 424.94 428.30 432.08 455.05 424.74 425.63 420.50 421.80 421.41 421.15 421.75 422.88 423.68 424.00 423.18 422.38 421.41 420.85 420.89 421.00
 418.37 418.98 418.94 418.23 420.65 426.52 430.53 428.79 425.64 421.29 419.76 419.19 419.40 419.40 420.38 422.66 424.52 424.23 422.90 421.31 420.19 419.35 418.77 418.47
 416.26 416.75 416.87 415.21 417.91 422.44 426.21 424.09 419.84 416.65 416.14 416.95 417.65 417.76 419.48 422.18 423.71 422.77 420.74 419.81 418.72 417.79 417.24 416.37
 416.12 416.49 416.17 415.25 416.24 419.52 421.83 419.32 415.60 412.99 413.71 414.56 415.58 416.41 418.09 420.37 420.90 419.55 418.69 418.03 417.63 417.03 416.66 416.24
 415.20 415.02 414.82 414.34 415.22 416.71 418.22 416.79 415.02 413.51 413.41 413.55 414.17 415.11 417.10 417.79 417.42 416.58 416.39 416.73 416.34 416.12 415.88 415.49
 414.39 414.19 413.87 413.74 413.88 414.37 414.62 414.40 413.75 413.02 412.56 412.67 413.15 413.89 415.19 415.81 415.39 414.89 415.21 415.02 415.15 414.83 414.57 414.51
 413.74 413.64 413.54 413.55 413.56 413.55 413.56 413.57 413.26 412.61 412.14 412.16 412.58 413.07 413.82 414.21 414.34 414.04 413.80 413.78 413.73 413.77 413.66 413.70
 413.22 413.22 413.22 413.22 413.22 413.22 413.22 413.22 413.22 413.22 413.22 413.22 413.22 413.22 413.22 413.22 413.22 413.22 413.22 413.22 413.22 413.22 413.22 413.22
 425.54 425.54 425.54 425.54 425.54 425.54 425.54 425.54 425.54 425.54 425.54 425.54 425.54 425.54 425.54 425.54 425.54 425.54 425.54 425.54 425.54 425.54 425.54 425.54
 425.02 425.09 425.30 426.02 425.86 425.70 425.34 425.34 425.15 425.29 425.64 425.88 425.87 425.71 425.20 425.51 426.10 426.75 426.55 426.15 425.53 425.11 425.15 425.38
 428.61 439.81 424.48 426.22 427.34 426.85 427.03 426.49 426.49 425.91 425.37 425.26 424.94 424.52 424.52 424.78 425.63 426.14 426.37 425.92 425.10 424.69 424.85 425.11
 423.34 423.04 424.11 425.96 428.56 431.40 431.19 430.41 428.21 427.10 424.70 423.93 423.53 423.27 423.31 423.91 424.29 425.19 425.63 425.35 424.33 423.72 423.95 424.20
 420.46 420.36 421.11 422.44 426.95 432.05 436.39 449.75 424.62 426.23 421.50 422.49 422.06 422.10 422.50 422.99 423.87 424.90 425.29 424.55 423.52 422.68 422.13 421.29
 417.71 417.78 418.05 417.80 421.54 429.42 433.66 430.74 426.18 421.77 420.41 419.74 419.96 420.29 421.42 423.56 425.33 426.02 425.11 423.88 423.25 422.04 420.47 418.38
 415.78 415.96 415.97 414.43 418.01 423.46 427.94 425.20 420.59 417.18 416.74 417.42 417.94 418.11 420.13 423.37 425.37 424.38 422.23 421.39 421.65 420.63 418.41 416.15
 415.81 416.07 415.68 414.81 416.17 419.97 422.63 420.08 416.25 413.67 414.39 415.28 416.14 416.64 418.31 421.23 422.09 420.48 419.18 418.74 419.17 418.32 417.10 415.75
 415.07 414.89 414.81 414.42 415.48 417.10 418.79 417.37 415.61 414.15 414.29 414.72 415.40 415.92 417.34 418.00 417.74 416.89 416.45 416.71 416.46 416.01 415.68 415.19
 414.45 414.31 414.18 414.16 414.30 414.68 414.94 414.70 414.09 413.52 413.34 413.81 414.60 415.28 415.99 416.08 415.58 415.18 415.43 415.28 415.34 414.95 414.67 414.59
 414.08 413.98 413.93 413.93 413.87 413.78 413.70 413.70 413.52 413.09 412.88 413.08 413.80 414.57 415.12 415.06 414.75 414.41 414.19 414.18 414.16 414.24 414.18 414.11
 413.78 413.78 413.78 413.78 413.78 413.78 413.78 413.78 413.78 413.78 413.78 413.78 413.78 413.78 413.78 413.78 413.78 413.78 413.78 413.78 413.78 413.78 413.78 413.78
 423.96 423.96 423.96 423.96 423.96 423.96 423.96 423.96 423.96 423.96 423.96 423.96 423.96 423.96 423.96 423.96 423.96 423.96 423.96 423.96 423.96 423.96 423.96 423.96
 423.99 424.04 423.05 422.63 422.98 423.61 423.90 423.76 423.75 424.17 425.07 425.46 425.20 424.86 424.16 423.90 424.22 424.51 424.50 424.24 423.93 423.73 423.64 423.84
 426.11 436.18 423.44 423.34 423.70 424.11 424.40 424.86 424.84 425.04 424.84 424.95 424.41 423.64 423.47 423.53 424.09 424.68 424.43 423.47 423.10 423.37 423.38 423.05
 421.07 422.07 423.48 423.76 423.96 424.28 424.69 425.06 425.51 426.49 424.19 423.77 423.33 423.04 422.90 423.05 423.52 424.37 424.15 423.06 422.52 422.75 422.84 421.76
 417.84 418.47 420.28 421.18 421.97 423.34 424.55 437.05 422.33 424.32 421.89 422.46 422.31 422.66 422.84 422.72 423.23 423.82 424.00 423.11 422.60 422.30 421.73 419.55
 415.82 415.40 416.88 417.57 419.26 421.83 423.60 422.25 421.07 419.60 419.71 419.61 420.16 420.95 422.23 423.76 424.37 424.50 423.85 423.29 423.34 422.22 420.40 417.45
 414.70 414.26 414.60 415.26 417.50 420.38 422.54 420.64 417.53 415.49 415.97 417.15 417.85 418.28 420.62 423.55 424.75 423.29 421.55 421.20 421.91 420.91 418.52 415.98
 415.05 414.79 414.96 415.13 416.61 418.98 420.53 418.36 415.23 413.08 413.92 414.94 415.83 416.44 418.36 421.29 422.08 420.20 418.81 418.47 419.10 418.39 417.10 415.47
 414.76 414.61 414.57 414.61 415.47 416.73 417.77 416.62 415.19 414.10 414.27 414.60 415.18 415.69 417.13 417.98 417.97 417.03 416.24 416.23 416.21 415.92 415.70 415.05
 414.56 414.44 414.37 414.24 414.36 414.72 414.96 414.76 414.28 413.88 413.79 414.06 414.56 415.14 415.89 416.20 415.91 415.42 415.42 415.20 415.26 415.02 414.80 414.63
 414.39 414.36 414.24 414.17 414.04 414.00 414.03 414.09 413.97 413.70 413.54 413.65 414.08 414.59 415.15 415.26 415.09 414.71 414.50 414.44 414.44 414.49 414.43 414.40
 414.16 414.16 414.16 414.16 414.16 414.16 414.16 414.16 414.16 414.16 414.16 414.16 414.16 414.16 414.16 414.16 414.16 414.16 414.16 414.16 414.16 414.16 414.16 414.16
 419.09 419.09 419.09 419.09 419.09 419.09 419.09 419.09 419.09 419.09 419.09 419.09 419.09 419.09 419.09 419.09 419.09 419.09 419.09 419.09 419.09 419.09 419.09 419.09
 421.32 420.76 421.12 420.51 419.81 418.44 417.13 416.13 415.80 417.35 420.75 422.42 421.73 420.68 419.31 416.81 414.82 415.18 418.13 420.50 420.25 419.98 420.56 420.75
 424.24 422.05 421.56 420.32 419.17 418.35 417.59 417.65 416.78 418.05 420.08 422.27 421.37 419.65 418.74 417.53 415.38 416.25 418.34 418.91 419.10 419.75 420.55 420.40
 419.33 420.14 421.28 419.94 418.56 416.68 415.65 416.49 417.36 418.67 419.86 421.31 420.99 420.25 419.48 418.34 417.98 418.89 419.31 418.67 418.58 419.78 420.54 419.08
 416.46 417.12 418.95 418.96 417.87 415.73 413.66 437.60 420.73 419.17 421.77 420.67 420.65 420.98 420.58 419.98 420.01 420.82 420.96 420.05 419.79 420.23 420.27 417.96
 416.00 416.22 417.72 417.96 417.77 416.70 415.35 414.59 415.27 416.92 418.01 418.41 418.87 419.63 420.84 421.71 421.81 421.93 421.66 421.39 421.64 420.97 419.69 417.15
 416.23 416.45 417.05 417.15 417.98 418.86 419.80 417.42 415.24 413.87 415.12 416.26 416.74 417.12 419.19 421.77 422.65 421.53 420.41 420.30 420.95 420.24 418.51 416.81
 416.67 416.67 416.77 416.60 417.38 419.23 420.49 418.31 415.19 412.97 413.76 414.57 415.22 415.58 417.21 419.84 420.84 419.49 418.55 418.32 418.77 418.26 417.50 416.57
 416.66 416.69 416.11 415.63 416.08 417.16 418.10 416.89 415.33 414.28 414.34 414.60 414.96 415.17 416.18 417.12 417.57 417.15 416.56 416.55 416.47 416.20 416.33 416.48
 416.33 416.03 415.41 414.85 414.81 415.28 415.65 415.45 414.85 414.34 414.22 414.34 414.63 414.95 415.40 415.85 416.00 415.89 415.86 415.69 415.65 415.42 415.36 415.87
 415.35 415.22 414.81 414.65 414.48 414.64 414.86 415.01 414.77 414.39 414.12 414.15 414.37 414.67 415.04 415.33 415.39 415.28 415.09 415.06 414.97 414.87 414.85 415.15
 414.67 414.67 414.67 414.67 414.67 414.67 414.67 414.67 414.67 414.67 414.67 414.67 414.67 414.67 414.67 414.67 414.67 414.67 414.67 414.67 414.67 414.67 414.67 414.67
 410.23 410.23 410.23 410.23 410.23 410.23 410.23 410.23 410.23 410.23 410.23 410.23 410.23 410.23 410.23 410.23 410.23 410.23 410.23 410.23 410.23 410.23 410.23 410.23
 415.15 412.96 409.87 407.04 407.60 409.19 409.87 409.73 409.54 410.46 412.30 413.12 412.43 412.00 411.10 408.57 406.29 406.47 409.00 411.69 412.21 413.18 413.58 414.02
 424.48 417.66 414.08 410.30 409.99 410.25 410.66 410.66 410.44 411.25 412.88 413.96 413.16 411.73 411.13 409.86 407.51 406.19 407.52 408.21 412.37 414.17 415.16 415.50
 416.25 416.80 416.58 413.75 411.96 411.02 411.50 412.94 413.35 413.61 414.73 415.82 415.23 414.59 413.68 412.67 412.84 411.02 407.70 409.72 412.68 415.83 416.61 415.23
 414.22 414.51 415.72 415.11 413.98 412.65 413.30 433.83 416.77 416.81 417.20 417.67 417.56 417.46 416.90 416.80 416.92 415.50 414.40 412.87 415.82 417.34 417.60 415.57
 415.66 415.36 415.88 415.84 415.50 415.56 416.73 418.12 419.03 419.07 418.39 418.09 417.68 417.88 418.41 418.70 418.77 418.81 418.13 417.95 417.97 418.37 417.92 416.51
 417.31 416.98 416.68 416.13 416.78 418.16 419.36 419.16 418.73 418.12 417.69 417.05 416.69 416.77 417.61 418.75 419.16 418.90 418.65 418.67 418.78 418.47 417.98 417.55
 416.95 416.78 416.34 415.99 416.74 418.49 419.72 418.97 417.54 416.67 416.22 415.97 415.84 416.14 416.92 417.98 418.55 418.18 418.07 417.89 417.91 417.78 417.65 417.33
 416.27 415.94 415.88 415.60 416.09 417.12 418.17 417.55 416.47 415.46 415.27 415.16 415.39 415.72 416.53 416.98 417.25 417.13 416.97 416.97 416.81 416.74 416.80 416.55
 415.49 415.36 415.26 415.26 415.30 415.90 416.60 416.72 415.90 415.19 414.76 414.82 414.98 415.31 415.81 416.29 416.41 416.27 416.30 416.14 416.13 415.97 415.77 415.74
 415.14 415.09 415.09 415.09 415.04 415.48 416.08 416.48 415.99 415.19 414.69 414.64 414.79 414.98 415.34 415.70 415.90 415.81 415.64 415.64 415.52 415.36 415.18 415.14
 415.29 415.29 415.29 415.29 415.29 415.29 415.29 415.29 415.29 415.29 415.29 415.29 415.29 415.29 415.29 415.29 415.29 415.29 415.29 415.29 415.29 415.29 415.29 415.29
 406.63 406.63 406.63 406.63 406.63 406.63 406.63 406.63 406.63 406.63 406.63 406.63 406.63 406.63 406.63 406.63 406.63 406.63 406.63 406.63 406.63 406.63 406.63 406.63
 413.23 410.78 407.37 405.16 406.28 408.13 408.72 408.42 408.44 408.25 407.24 406.46 406.10 406.72 406.74 405.04 404.23 404.82 407.15 408.31 408.22 408.94 409.68 411.68
 416.91 416.03 412.25 409.28 409.75 410.17 410.07 409.99 410.68 410.90 409.89 408.12 407.65 407.58 407.54 406.83 406.02 406.51 407.38 407.00 409.55 410.30 412.08 414.37
 416.05 416.49 415.71 413.54 412.64 412.50 412.31 413.00 414.10 414.41 413.16 412.01 411.25 411.44 411.09 410.51 412.25 411.23 408.08 409.04 410.75 412.45 413.44 414.29
 414.39 414.95 415.67 415.05 414.96 414.70 415.39 437.31 416.61 416.23 415.75 415.11 415.04 415.09 414.93 415.44 416.07 414.48 412.96 411.22 413.22 413.95 414.36 414.03
 415.76 415.55 415.45 415.40 415.94 417.11 418.24 418.56 418.12 417.28 416.68 416.56 416.51 416.56 416.93 416.97 416.81 416.54 415.59 414.98 414.25 414.79 415.18 415.61
 417.32 416.72 415.97 415.53 416.69 418.34 419.57 419.00 418.09 417.13 416.85 416.63 416.59 416.58 416.70 416.85 416.76 416.66 416.54 416.13 415.34 415.36 416.25 417.26
 416.98 416.61 416.01 415.65 416.60 418.29 419.41 418.73 417.47 416.71 416.45 416.41 416.47 416.65 416.86 416.90 416.87 416.77 416.81 416.47 415.92 416.03 416.69 417.30
 416.56 416.26 416.03 415.73 416.18 417.25 418.23 417.75 416.82 415.92 415.83 415.85 416.10 416.39 416.84 416.91 416.86 416.68 416.69 416.65 416.36 416.38 416.59 416.70
 415.91 415.83 415.68 415.63 415.67 416.26 416.94 417.07 416.18 415.45 415.08 415.37 415.72 416.02 416.36 416.60 416.52 416.30 416.27 416.19 416.16 416.09 416.02 416.07
 415.59 415.53 415.49 415.48 415.42 415.85 416.43 416.81 416.27 415.39 414.87 414.95 415.32 415.66 415.95 416.08 416.14 416.04 415.95 415.94 415.83 415.71 415.58 415.58
 415.67 415.67 415.67 415.67 415.67 415.67 415.67 415.67 415.67 415.67 415.67 415.67 415.67 415.67 415.67 415.67 415.67 415.67 415.67 415.67 415.67 415.67 415.67 415.67
 414.75 414.75 414.75 414.75 414.75 414.75 414.75 414.75 414.75 414.75 414.75 414.75 414.75 414.75 414.75 414.75 414.75 414.75 414.75 414.75 414.75 414.75 414.75 414.75
 415.60 415.84 415.46 415.93 418.18 420.66 421.93 422.54 422.82 419.72 414.43 410.98 410.92 412.65 415.30 415.82 414.32 411.71 410.95 410.99 410.95 410.96 411.14 413.23
 418.28 419.33 417.99 418.30 420.44 421.35 420.42 420.31 419.80 417.52 413.51 410.93 411.42 413.08 415.96 417.03 414.49 411.73 411.50 411.26 411.86 411.66 412.60 414.92
 417.83 419.65 419.77 420.14 420.84 420.05 418.78 417.97 418.93 416.42 414.30 413.11 413.11 414.32 416.42 416.51 415.84 413.71 412.06 412.44 412.73 412.76 413.22 415.09
 416.58 417.87 418.63 419.14 419.22 417.84 416.46 418.96 418.72 417.40 415.45 414.87 414.89 415.53 416.04 416.45 416.42 415.16 414.16 413.26 413.58 413.48 413.74 414.81
 416.71 416.96 416.97 417.46 417.34 416.18 416.85 417.90 419.14 417.46 416.28 415.94 415.95 415.79 416.04 416.01 415.92 415.64 415.08 414.46 413.58 413.66 414.36 415.80
 416.97 416.44 416.03 416.29 416.47 416.83 417.03 417.64 417.33 416.80 416.23 416.23 416.26 416.16 415.96 415.85 415.76 416.02 416.11 415.49 414.17 414.13 415.45 416.92
 416.63 416.14 416.03 416.18 416.67 417.08 417.25 416.91 416.32 415.96 416.02 416.17 416.37 416.46 416.39 416.16 416.23 416.63 416.95 416.49 415.36 415.27 416.12 416.99
 416.37 416.17 416.11 416.13 416.24 416.60 416.83 416.55 416.05 415.68 415.68 415.80 416.03 416.26 416.53 416.61 416.78 416.97 417.17 417.11 416.56 416.28 416.39 416.55
 416.03 415.96 415.96 415.94 415.87 416.05 416.31 416.30 415.86 415.52 415.35 415.49 415.74 415.94 416.25 416.57 416.71 416.68 416.70 416.63 416.56 416.36 416.18 416.14
 415.87 415.84 415.82 415.77 415.63 415.77 416.01 416.18 415.90 415.46 415.22 415.26 415.51 415.67 415.95 416.20 416.40 416.37 416.28 416.28 416.20 416.06 415.94 415.90
 415.82 415.82 415.82 415.82 415.82 415.82 415.82 415.82 415.82 415.82 415.82 415.82 415.82 415.82 415.82 415.82 415.82 415.82 415.82 415.82 415.82 415.82 415.82 415.82
 420.34 420.34 420.34 420.34 420.34 420.34 420.34 420.34 420.34 420.34 420.34 420.34 420.34 420.34 420.34 420.34 420.34 420.34 420.34 420.34 420.34 420.34 420.34 420.34
 422.15 423.48 422.90 422.52 422.78 423.13 423.34 423.26 423.01 421.15 419.49 419.06 419.63 420.19 420.42 421.30 421.67 421.17 419.35 417.47 416.80 416.54 417.42 419.66
 423.43 423.83 423.43 422.76 423.33 423.64 422.77 423.35 422.92 422.32 419.66 418.62 418.85 419.12 419.84 420.33 421.20 421.04 419.99 418.54 416.56 416.34 417.80 420.31
 421.33 423.02 423.01 423.15 423.49 423.47 422.85 422.05 423.01 421.07 419.22 418.00 418.02 418.15 418.53 419.19 418.93 419.48 419.62 418.05 416.66 416.00 417.07 419.27
 419.39 420.43 421.15 421.30 421.89 422.12 421.57 422.39 421.49 420.58 418.09 417.29 417.33 417.29 417.45 417.35 417.31 417.36 417.57 417.38 416.00 415.61 416.17 417.37
 418.07 418.64 418.73 419.03 419.21 419.46 419.70 419.86 420.20 418.68 417.47 416.90 416.99 416.76 416.61 416.44 416.08 416.04 416.22 416.04 415.43 415.19 415.87 417.15
 417.23 417.12 417.10 417.21 417.21 417.08 417.13 417.63 417.69 417.37 416.77 416.68 416.78 416.70 416.57 416.18 415.89 415.72 415.73 415.23 414.60 414.86 416.19 417.24
 416.99 416.74 416.80 416.93 416.66 416.26 415.98 416.04 416.08 416.14 416.22 416.41 416.58 416.74 416.74 416.40 415.96 415.66 415.54 415.09 414.53 415.27 416.46 417.24
 416.88 416.79 416.61 416.53 416.31 416.24 416.19 416.18 416.01 415.91 415.98 416.13 416.35 416.57 416.86 416.63 416.12 415.71 415.58 415.32 415.26 415.72 416.52 416.98
 416.63 416.49 416.32 416.14 415.99 416.08 416.29 416.33 416.05 415.82 415.72 415.90 416.12 416.34 416.61 416.57 416.20 415.85 415.83 415.80 415.86 416.05 416.27 416.56
 416.24 416.18 416.04 415.93 415.81 415.96 416.20 416.36 416.16 415.83 415.65 415.70 415.91 416.11 416.31 416.28 416.19 416.02 416.02 416.08 416.03 416.05 416.07 416.21
 416.01 416.01 416.01 416.01 416.01 416.01 416.01 416.01 416.01 416.01 416.01 416.01 416.01 416.01 416.01 416.01 416.01 416.01 416.01 416.01 416.01 416.01 416.01 416.01
 425.56 425.56 425.56 425.56 425.56 425.56 425.56 425.56 425.56 425.56 425.56 425.56 425.56 425.56 425.56 425.56 425.56 425.56 425.56 425.56 425.56 425.56 425.56 425.56
 428.89 428.47 427.22 426.03 425.76 425.87 426.46 427.12 427.53 426.87 425.59 424.44 423.77 423.48 425.03 430.12 431.18 429.98 424.88 422.81 422.55 422.24 423.35 426.42
 430.55 430.27 427.84 425.89 425.75 425.51 425.70 426.54 427.25 426.36 424.67 423.46 422.82 422.51 424.69 427.67 431.49 428.63 426.28 424.32 421.70 421.48 423.63 426.85
 426.88 427.93 427.01 425.80 425.27 423.10 424.37 425.34 428.03 424.53 422.78 421.42 421.06 420.85 421.93 425.36 424.54 426.11 425.36 423.14 421.00 420.21 421.92 424.54
 421.46 421.78 422.63 423.07 422.46 419.91 420.60 427.16 426.90 423.76 420.30 419.37 419.50 419.37 420.27 420.26 420.85 420.80 421.72 421.40 419.16 418.77 419.63 420.19
 418.70 418.80 419.24 419.90 418.94 416.99 420.13 422.61 425.44 420.89 418.67 418.17 418.49 418.51 418.35 418.39 417.85 418.07 418.49 418.58 418.16 417.73 418.16 418.52
 417.35 417.20 417.21 417.46 417.09 417.79 418.36 420.38 419.95 419.19 417.68 417.55 417.88 417.95 418.10 417.74 417.73 417.69 417.87 417.50 417.15 417.11 417.52 417.64
 417.16 417.01 416.99 417.01 417.26 417.63 417.85 417.57 417.08 416.81 416.80 416.94 417.17 417.49 417.70 417.75 417.62 417.54 417.74 417.45 417.02 416.94 417.26 417.40
 416.81 416.63 416.51 416.38 416.51 416.97 417.28 417.11 416.73 416.34 416.39 416.46 416.71 417.05 417.54 417.53 417.30 417.11 417.13 417.21 416.84 416.81 416.99 417.01
 416.47 416.33 416.12 415.96 416.00 416.34 416.68 416.73 416.35 416.08 415.94 416.13 416.36 416.66 417.04 417.12 416.83 416.51 416.58 416.39 416.56 416.53 416.58 416.60
 416.27 416.17 416.07 415.97 415.90 416.14 416.43 416.60 416.37 416.03 415.86 415.93 416.12 416.36 416.61 416.62 416.47 416.25 416.11 416.18 416.13 416.30 416.32 416.30
 416.18 416.18 416.18 416.18 416.18 416.18 416.18 416.18 416.18 416.18 416.18 416.18 416.18 416.18 416.18 416.18 416.18 416.18 416.18 416.18 416.18 416.18 416.18 416.18
 427.68 427.68 427.68 427.68 427.68 427.68 427.68 427.68 427.68 427.68 427.68 427.68 427.68 427.68 427.68 427.68 427.68 427.68 427.68 427.68 427.68 427.68 427.68 427.68
 431.44 433.25 434.04 433.35 430.23 426.70 425.63 426.26 426.91 426.86 426.40 425.68 424.98 424.36 425.72 429.48 430.45 429.68 426.28 424.96 424.94 424.70 425.37 428.70
 432.65 432.56 431.50 429.68 426.98 424.56 424.93 426.11 427.50 426.56 425.73 425.04 424.35 424.19 425.80 428.17 430.88 429.10 427.45 426.06 423.79 423.32 425.12 428.52
 428.22 429.09 427.78 426.38 425.28 424.78 428.03 429.90 429.33 425.00 423.79 422.79 422.56 422.42 423.84 426.59 426.12 427.14 426.80 424.83 422.66 421.73 423.10 426.45
 422.62 422.43 422.79 423.11 423.82 426.20 432.52 435.39 429.43 423.50 421.08 420.61 420.55 420.70 422.03 422.70 423.08 422.82 423.55 423.23 421.08 420.40 421.25 421.68
 419.04 418.79 419.42 420.23 422.46 427.66 434.75 433.50 428.46 420.95 419.47 419.33 419.45 419.63 420.17 420.64 420.22 420.12 420.49 420.71 420.60 419.97 419.72 419.40
 417.18 416.94 417.20 418.22 421.86 427.99 431.98 429.98 424.13 419.97 418.74 418.58 418.77 418.97 419.52 419.52 419.58 419.22 419.22 419.13 419.38 419.08 418.54 417.78
 417.22 416.99 417.15 417.42 420.70 425.19 428.07 425.31 420.98 418.26 417.83 417.64 417.72 418.24 418.76 419.02 418.80 418.34 418.47 418.38 418.40 418.05 417.81 417.40
 417.00 416.86 416.58 416.52 418.28 420.95 422.96 421.09 418.90 416.94 416.83 416.66 416.93 417.48 418.32 418.26 417.74 417.35 417.40 417.64 417.28 417.12 417.17 417.12
 416.71 416.52 416.19 415.97 416.42 417.29 417.82 417.50 416.67 416.16 415.93 416.11 416.37 416.78 417.39 417.40 416.85 416.36 416.53 416.30 416.55 416.56 416.65 416.72
 416.38 416.28 416.11 416.07 416.12 416.17 416.15 416.10 416.00 415.78 415.69 415.76 416.03 416.34 416.63 416.46 416.10 415.68 415.34 415.39 415.65 416.21 416.36 416.44
 415.88 415.88 415.88 415.88 415.88 415.88 415.88 415.88 415.88 415.88 415.88 415.88 415.88 415.88 415.88 415.88 415.88 415.88 415.88 415.88 415.88 415.88 415.88 415.88
