2021 MONTHLY CO2 (PPMV)   24  12  LON/LAT (N-S/0-360E) IN 15 DEGREE RESOLUTION,  GLB ANNUAL MEAN = 416.00,  GROWTH RATE = 2.72,  MISS DATA = -99.99
 422.48 422.48 422.48 422.48 422.48 422.48 422.48 422.48 422.48 422.48 422.48 422.48 422.48 422.48 422.48 422.48 422.48 422.48 422.48 422.48 422.48 422.48 422.48 422.48
 424.28 424.11 423.09 422.22 422.10 422.69 423.59 424.68 425.05 424.26 422.86 421.80 421.49 421.27 421.04 421.95 422.62 423.19 422.84 422.18 421.26 420.37 420.83 422.60
 430.82 428.50 423.70 422.41 422.42 421.87 422.01 422.69 423.52 422.82 421.66 420.88 420.55 420.14 420.38 420.99 422.67 423.64 423.82 423.60 421.74 421.12 421.04 422.24
 422.30 423.64 423.35 422.75 422.60 422.04 422.59 423.04 423.45 421.94 420.05 419.39 418.94 418.45 418.79 420.05 420.49 422.12 423.06 422.56 422.06 420.75 420.22 420.72
 418.03 418.45 419.61 419.87 421.02 421.68 424.21 439.25 421.20 419.81 416.75 417.60 417.05 416.58 417.06 417.92 418.60 418.90 419.71 420.75 419.74 418.93 417.90 417.30
 414.82 415.36 415.98 416.37 418.05 421.44 425.53 424.53 422.21 417.71 416.39 415.63 415.03 414.94 415.66 416.54 416.71 416.67 417.03 417.40 417.16 415.95 415.26 414.80
 412.97 413.17 413.54 413.47 416.33 420.77 424.03 422.25 418.51 415.67 414.45 413.54 413.19 413.72 414.77 415.56 415.85 415.47 415.30 415.25 414.71 413.92 413.49 413.01
 412.71 412.85 412.85 412.74 414.97 418.65 421.09 418.90 415.33 413.13 412.51 411.99 411.87 412.57 413.84 414.79 414.66 413.87 413.78 413.68 413.47 413.03 412.86 412.74
 412.31 412.18 411.93 411.66 412.97 415.07 416.72 415.06 413.17 411.55 411.38 411.15 411.24 411.74 412.80 413.34 412.91 412.19 412.06 412.39 412.24 412.34 412.45 412.41
 411.87 411.68 411.27 411.01 411.32 412.00 412.31 411.94 411.34 410.95 410.76 410.79 410.89 411.13 411.72 411.96 411.66 411.27 411.37 411.24 411.54 411.66 411.87 411.98
 411.54 411.38 410.93 411.08 411.10 411.04 410.86 410.74 410.70 410.62 410.57 410.59 410.70 410.84 411.04 411.03 410.96 410.83 410.73 410.77 410.92 411.32 411.54 411.58
 410.91 410.91 410.91 410.91 410.91 410.91 410.91 410.91 410.91 410.91 410.91 410.91 410.91 410.91 410.91 410.91 410.91 410.91 410.91 410.91 410.91 410.91 410.91 410.91
 422.88 422.88 422.88 422.88 422.88 422.88 422.88 422.88 422.88 422.88 422.88 422.88 422.88 422.88 422.88 422.88 422.88 422.88 422.88 422.88 422.88 422.88 422.88 422.88
 422.39 423.04 423.34 423.49 423.17 422.81 422.63 423.00 423.33 423.45 423.49 423.29 422.98 422.61 422.28 422.75 423.17 423.99 423.86 423.28 421.83 420.74 420.81 421.56
 429.77 425.20 422.80 423.17 423.23 422.37 422.02 422.42 423.33 423.48 422.98 422.59 422.09 421.64 421.66 422.01 422.83 422.89 423.13 422.78 421.76 421.02 420.47 420.67
 420.06 421.23 422.11 422.93 423.23 422.88 421.62 421.99 422.70 424.19 421.63 420.95 420.36 419.82 420.12 421.08 420.99 420.97 420.69 421.30 421.40 420.44 419.67 419.51
 417.64 418.31 419.44 420.19 421.48 421.76 422.16 437.20 420.74 420.47 419.16 419.02 418.42 417.90 418.50 419.24 419.20 418.33 418.62 419.47 419.59 418.92 417.80 417.19
 415.09 415.81 416.51 416.94 418.20 420.55 421.61 420.47 418.98 417.61 417.30 416.83 416.27 416.16 416.92 417.81 417.91 417.53 417.58 417.78 417.49 416.47 415.66 415.05
 413.23 413.63 414.29 414.28 416.19 418.77 420.73 419.09 416.78 415.04 414.75 414.41 414.35 414.54 415.70 416.66 416.99 416.40 416.08 416.01 415.49 414.66 414.10 413.41
 412.83 413.00 413.29 413.36 414.65 416.94 418.49 416.92 414.32 412.71 412.43 412.32 412.47 413.21 414.37 415.39 415.41 414.57 414.48 414.31 414.16 413.74 413.47 413.09
 412.28 412.16 411.99 411.79 412.62 414.04 415.14 413.94 412.52 411.23 411.10 411.02 411.40 412.13 413.47 413.81 413.39 412.74 412.61 412.87 412.72 412.78 412.79 412.55
 411.78 411.58 411.17 410.82 410.96 411.47 411.80 411.60 411.11 410.63 410.33 410.38 410.67 411.20 412.13 412.50 412.06 411.54 411.68 411.53 411.74 411.73 411.78 411.84
 411.32 411.24 411.00 410.82 410.69 410.70 410.70 410.70 410.57 410.27 410.04 410.06 410.29 410.62 411.13 411.34 411.27 410.94 410.77 410.75 410.83 411.06 411.15 411.25
 410.64 410.64 410.64 410.64 410.64 410.64 410.64 410.64 410.64 410.64 410.64 410.64 410.64 410.64 410.64 410.64 410.64 410.64 410.64 410.64 410.64 410.64 410.64 410.64
 422.98 422.98 422.98 422.98 422.98 422.98 422.98 422.98 422.98 422.98 422.98 422.98 422.98 422.98 422.98 422.98 422.98 422.98 422.98 422.98 422.98 422.98 422.98 422.98
 422.98 422.77 422.38 422.48 421.98 421.82 422.14 422.92 423.18 423.31 423.60 423.66 423.54 423.17 422.73 422.99 423.54 424.90 425.06 424.40 422.70 421.81 422.17 422.95
 426.54 424.50 422.37 422.71 422.71 421.99 422.45 423.17 423.73 423.52 422.98 422.94 422.64 422.28 422.12 422.19 422.87 423.78 424.81 423.77 421.78 420.94 421.49 422.41
 421.78 422.22 422.38 422.72 423.42 424.48 424.89 425.38 424.90 424.06 421.85 421.18 420.89 420.49 420.60 421.29 421.46 422.26 422.40 421.72 420.29 419.68 420.21 421.35
 419.14 419.42 419.98 419.95 421.98 424.76 428.04 443.90 422.66 422.81 418.72 419.35 418.89 418.58 419.05 420.04 420.69 420.89 420.34 419.72 418.85 418.31 418.32 418.44
 416.01 416.72 416.85 416.31 418.15 422.86 426.21 424.94 422.39 418.74 417.40 416.81 416.84 416.84 417.64 419.40 420.73 420.59 419.71 418.62 417.65 416.77 416.20 415.94
 413.81 414.25 414.62 413.53 415.63 419.00 421.87 420.31 417.02 414.50 413.97 414.48 415.01 415.23 416.60 418.55 419.58 418.93 417.62 417.04 416.12 415.18 414.60 413.83
 413.31 413.62 413.57 413.12 413.89 416.23 417.88 415.94 413.04 411.04 411.53 412.17 413.01 413.84 415.20 416.82 417.05 416.01 415.48 415.09 414.80 414.28 413.91 413.49
 412.53 412.37 412.27 411.95 412.65 413.81 414.92 413.75 412.33 411.10 411.04 411.14 411.69 412.56 414.18 414.69 414.27 413.53 413.33 413.61 413.38 413.29 413.15 412.81
 411.81 411.62 411.32 411.18 411.31 411.73 411.96 411.77 411.24 410.67 410.31 410.40 410.79 411.44 412.55 413.05 412.64 412.12 412.29 412.12 412.26 412.09 411.95 411.93
 411.24 411.15 411.04 411.04 411.04 411.04 411.05 411.06 410.83 410.34 409.99 410.01 410.33 410.74 411.39 411.71 411.74 411.41 411.19 411.16 411.14 411.20 411.15 411.20
 410.80 410.80 410.80 410.80 410.80 410.80 410.80 410.80 410.80 410.80 410.80 410.80 410.80 410.80 410.80 410.80 410.80 410.80 410.80 410.80 410.80 410.80 410.80 410.80
 422.99 422.99 422.99 422.99 422.99 422.99 422.99 422.99 422.99 422.99 422.99 422.99 422.99 422.99 422.99 422.99 422.99 422.99 422.99 422.99 422.99 422.99 422.99 422.99
 422.58 422.74 422.98 423.47 423.19 423.02 422.83 423.01 422.97 423.08 423.31 423.42 423.34 423.16 422.66 422.75 423.13 423.71 423.64 423.30 422.72 422.34 422.43 422.68
 424.96 432.80 422.37 423.47 424.28 423.83 424.06 423.90 424.11 423.69 423.08 422.85 422.51 422.12 421.98 422.01 422.59 423.05 423.28 422.91 422.20 421.92 422.09 422.35
 421.06 421.18 421.96 423.17 425.18 427.52 427.39 426.94 425.42 424.34 422.35 421.56 421.16 420.85 420.78 421.18 421.39 422.10 422.46 422.23 421.43 420.99 421.23 421.42
 418.48 418.55 419.25 419.93 423.54 427.81 431.44 440.30 422.62 423.37 419.60 420.04 419.58 419.50 419.78 420.26 420.91 421.69 422.02 421.49 420.63 419.91 419.46 418.79
 415.60 415.84 416.02 415.72 418.66 425.07 428.53 426.34 422.74 419.24 418.03 417.35 417.38 417.63 418.57 420.25 421.58 422.19 421.63 420.78 420.19 419.00 417.62 415.98
 413.48 413.60 413.72 412.56 415.41 419.60 423.12 421.08 417.60 414.97 414.51 414.90 415.25 415.54 417.17 419.61 421.02 420.36 418.96 418.46 418.54 417.46 415.55 413.69
 413.10 413.31 413.11 412.58 413.63 416.45 418.43 416.49 413.54 411.60 412.12 412.79 413.49 414.04 415.41 417.55 418.06 416.84 416.00 415.79 416.10 415.33 414.26 413.12
 412.48 412.33 412.29 412.01 412.83 414.08 415.35 414.20 412.79 411.63 411.79 412.16 412.74 413.25 414.41 414.91 414.59 413.87 413.50 413.72 413.58 413.27 413.03 412.61
 411.93 411.80 411.66 411.62 411.73 412.05 412.27 412.07 411.58 411.14 411.02 411.41 412.04 412.61 413.24 413.33 412.87 412.45 412.58 412.44 412.51 412.26 412.08 412.04
 411.57 411.49 411.44 411.43 411.38 411.32 411.27 411.28 411.14 410.81 410.66 410.83 411.39 412.02 412.49 412.45 412.15 411.81 411.61 411.59 411.58 411.64 411.61 411.58
 411.33 411.33 411.33 411.33 411.33 411.33 411.33 411.33 411.33 411.33 411.33 411.33 411.33 411.33 411.33 411.33 411.33 411.33 411.33 411.33 411.33 411.33 411.33 411.33
 421.53 421.53 421.53 421.53 421.53 421.53 421.53 421.53 421.53 421.53 421.53 421.53 421.53 421.53 421.53 421.53 421.53 421.53 421.53 421.53 421.53 421.53 421.53 421.53
 421.24 421.33 420.71 420.45 420.63 421.09 421.44 421.56 421.68 422.02 422.71 422.97 422.74 422.43 421.72 421.17 421.18 421.45 421.66 421.56 421.31 421.11 421.02 421.13
 422.39 429.40 420.86 420.89 421.19 421.42 421.69 422.28 422.49 422.73 422.47 422.49 422.03 421.40 421.05 420.76 420.89 421.36 421.28 420.71 420.49 420.75 420.73 420.36
 418.68 419.55 420.80 421.10 421.39 421.80 422.06 422.43 422.93 423.54 421.78 421.34 420.98 420.68 420.41 420.30 420.48 421.08 421.01 420.26 419.92 420.15 420.22 419.27
 416.16 416.63 418.08 418.63 419.47 420.89 422.09 430.55 420.38 421.74 419.75 419.98 419.75 419.96 420.02 419.97 420.32 420.83 420.99 420.34 419.91 419.61 419.10 417.35
 414.14 413.88 414.83 415.19 416.63 419.04 420.61 419.65 418.70 417.59 417.51 417.23 417.51 418.11 419.17 420.39 420.92 421.13 420.77 420.40 420.33 419.19 417.59 415.30
 412.74 412.32 412.54 412.88 414.71 417.03 418.84 417.48 415.25 413.75 413.99 414.71 415.15 415.63 417.50 419.77 420.60 419.62 418.54 418.44 418.84 417.76 415.71 413.64
 412.62 412.40 412.52 412.65 413.77 415.56 416.73 415.14 412.81 411.25 411.86 412.60 413.29 413.88 415.41 417.57 418.06 416.70 415.86 415.76 416.21 415.50 414.36 413.00
 412.34 412.20 412.15 412.15 412.80 413.76 414.54 413.64 412.53 411.70 411.88 412.19 412.67 413.12 414.24 414.87 414.78 414.07 413.53 413.60 413.59 413.35 413.15 412.60
 412.11 412.00 411.91 411.79 411.88 412.15 412.33 412.17 411.81 411.52 411.49 411.73 412.14 412.60 413.19 413.42 413.16 412.77 412.77 412.61 412.66 412.47 412.29 412.17
 411.91 411.88 411.78 411.72 411.62 411.59 411.61 411.65 411.57 411.38 411.28 411.39 411.74 412.15 412.58 412.66 412.50 412.19 412.01 411.96 411.95 411.97 411.91 411.90
 411.73 411.73 411.73 411.73 411.73 411.73 411.73 411.73 411.73 411.73 411.73 411.73 411.73 411.73 411.73 411.73 411.73 411.73 411.73 411.73 411.73 411.73 411.73 411.73
 416.89 416.89 416.89 416.89 416.89 416.89 416.89 416.89 416.89 416.89 416.89 416.89 416.89 416.89 416.89 416.89 416.89 416.89 416.89 416.89 416.89 416.89 416.89 416.89
 418.46 418.02 418.41 417.99 417.26 416.02 415.09 414.57 414.46 415.68 418.35 419.68 419.23 418.44 417.24 414.94 413.13 413.31 415.79 417.81 417.74 417.51 417.88 418.04
 420.25 418.87 418.64 417.75 416.69 415.82 415.22 415.60 415.15 416.26 417.75 419.52 418.91 417.61 416.75 415.51 413.53 414.06 415.69 416.41 416.82 417.35 417.89 417.66
 416.75 417.42 418.37 417.34 416.21 414.71 413.79 414.65 415.62 416.68 417.57 418.72 418.55 417.98 417.28 416.16 415.75 416.31 416.65 416.35 416.46 417.40 417.90 416.68
 414.69 415.08 416.44 416.31 415.51 413.96 412.43 428.95 417.81 417.12 418.86 418.13 418.07 418.36 417.98 417.49 417.49 418.16 418.31 417.62 417.44 417.69 417.61 415.76
 414.16 414.30 415.18 415.20 415.09 414.43 413.41 413.01 413.69 415.22 415.96 416.08 416.35 416.99 417.97 418.62 418.72 418.95 418.86 418.69 418.75 418.05 416.92 415.00
 414.04 414.10 414.45 414.35 414.99 415.65 416.40 414.70 413.29 412.40 413.29 413.99 414.29 414.74 416.39 418.35 418.93 418.19 417.53 417.57 417.96 417.23 415.80 414.43
 414.09 414.06 414.06 413.88 414.40 415.74 416.66 415.08 412.81 411.22 411.78 412.36 412.86 413.26 414.57 416.51 417.17 416.19 415.64 415.59 415.94 415.51 414.87 414.09
 413.97 413.94 413.46 413.04 413.34 414.13 414.81 413.89 412.73 411.94 412.02 412.24 412.54 412.77 413.57 414.28 414.56 414.25 413.85 413.90 413.88 413.72 413.83 413.89
 413.58 413.33 412.81 412.37 412.33 412.67 412.93 412.77 412.34 411.98 411.91 412.01 412.24 412.50 412.87 413.22 413.32 413.23 413.22 413.10 413.08 412.91 412.87 413.26
 412.75 412.64 412.32 412.20 412.08 412.18 412.33 412.43 412.27 412.01 411.83 411.86 412.03 412.26 412.55 412.78 412.83 412.73 412.58 412.55 412.47 412.37 412.34 412.58
 412.22 412.22 412.22 412.22 412.22 412.22 412.22 412.22 412.22 412.22 412.22 412.22 412.22 412.22 412.22 412.22 412.22 412.22 412.22 412.22 412.22 412.22 412.22 412.22
 408.40 408.40 408.40 408.40 408.40 408.40 408.40 408.40 408.40 408.40 408.40 408.40 408.40 408.40 408.40 408.40 408.40 408.40 408.40 408.40 408.40 408.40 408.40 408.40
 412.46 410.60 408.19 406.04 406.47 407.57 408.00 407.84 407.76 408.59 410.20 410.89 410.32 409.90 409.24 407.23 405.42 405.39 407.39 409.64 410.19 410.93 411.16 411.60
 419.14 414.47 411.65 408.75 408.51 408.57 408.70 408.87 408.81 409.68 410.87 411.76 411.15 410.04 409.55 408.62 406.69 405.44 406.36 407.12 410.57 411.85 412.52 412.78
 413.60 414.05 413.82 411.59 410.23 409.52 409.65 410.90 411.59 411.91 412.69 413.52 413.09 412.60 411.93 411.06 411.21 409.63 406.99 408.75 411.10 413.41 413.84 412.82
 412.32 412.43 413.30 412.78 411.96 410.96 411.35 425.70 414.33 414.69 414.91 415.23 415.13 415.10 414.65 414.51 414.58 413.48 412.69 411.46 413.73 414.77 414.88 413.28
 413.59 413.32 413.54 413.45 413.13 413.18 413.93 415.15 416.02 416.39 415.88 415.54 415.21 415.45 415.87 415.99 415.97 416.10 415.62 415.48 415.38 415.66 415.27 414.25
 414.89 414.58 414.26 413.73 414.09 414.95 415.75 415.69 415.62 415.35 415.06 414.52 414.26 414.45 415.13 415.92 416.13 415.97 415.86 415.93 416.00 415.75 415.38 415.05
 414.50 414.34 413.91 413.57 413.98 415.11 415.92 415.45 414.52 413.98 413.65 413.47 413.41 413.75 414.40 415.17 415.51 415.23 415.21 415.15 415.22 415.17 415.10 414.84
 413.84 413.53 413.44 413.16 413.44 414.13 414.83 414.41 413.67 412.96 412.83 412.75 412.94 413.26 413.93 414.30 414.46 414.36 414.25 414.30 414.21 414.22 414.31 414.09
 413.08 412.96 412.84 412.82 412.83 413.25 413.75 413.84 413.27 412.76 412.44 412.47 412.58 412.85 413.29 413.69 413.77 413.65 413.67 413.55 413.56 413.45 413.31 413.30
 412.72 412.68 412.67 412.67 412.64 412.96 413.40 413.69 413.34 412.76 412.39 412.35 412.44 412.58 412.88 413.18 413.34 413.26 413.12 413.11 413.01 412.87 412.73 412.71
 412.82 412.82 412.82 412.82 412.82 412.82 412.82 412.82 412.82 412.82 412.82 412.82 412.82 412.82 412.82 412.82 412.82 412.82 412.82 412.82 412.82 412.82 412.82 412.82
 404.70 404.70 404.70 404.70 404.70 404.70 404.70 404.70 404.70 404.70 404.70 404.70 404.70 404.70 404.70 404.70 404.70 404.70 404.70 404.70 404.70 404.70 404.70 404.70
 410.37 408.44 405.59 403.70 404.76 406.28 406.59 406.07 406.05 405.99 405.35 404.75 404.41 404.81 405.07 404.02 403.48 403.64 405.18 406.10 406.11 406.64 407.10 408.84
 413.54 413.07 409.88 407.35 407.89 408.29 407.96 407.81 408.29 408.64 407.76 406.36 405.98 405.99 406.12 405.89 405.32 405.36 405.77 405.48 407.54 407.94 409.23 411.12
 413.07 413.61 412.95 411.10 410.46 410.43 410.13 410.61 411.69 411.94 410.81 409.84 409.27 409.47 409.36 408.99 410.41 409.46 406.82 407.60 408.88 410.04 410.63 411.41
 411.93 412.40 413.01 412.58 412.52 412.32 412.74 428.00 413.90 413.75 413.25 412.68 412.63 412.75 412.67 413.00 413.49 412.22 411.03 409.58 411.10 411.58 411.85 411.58
 413.29 413.15 413.08 413.10 413.38 414.14 414.90 415.32 415.14 414.65 414.17 414.01 414.00 414.11 414.38 414.31 414.11 413.94 413.17 412.66 412.06 412.57 412.89 413.23
 414.74 414.29 413.70 413.35 413.99 414.93 415.65 415.39 414.96 414.42 414.23 414.08 414.10 414.16 414.24 414.25 414.12 414.05 413.95 413.63 413.13 413.28 413.98 414.73
 414.53 414.23 413.71 413.39 413.88 414.84 415.48 415.11 414.42 414.00 413.82 413.80 413.90 414.12 414.30 414.29 414.22 414.15 414.18 413.97 413.66 413.86 414.40 414.82
 414.09 413.81 413.62 413.36 413.57 414.20 414.79 414.54 413.99 413.40 413.31 413.28 413.48 413.78 414.20 414.27 414.21 414.08 414.10 414.11 413.93 414.01 414.20 414.24
 413.47 413.39 413.26 413.22 413.22 413.59 414.06 414.18 413.59 413.07 412.77 412.93 413.14 413.40 413.75 414.00 413.94 413.77 413.75 413.68 413.68 413.64 413.59 413.63
 413.17 413.13 413.10 413.09 413.05 413.36 413.79 414.06 413.68 413.03 412.64 412.67 412.88 413.11 413.38 413.55 413.63 413.55 413.47 413.46 413.37 413.26 413.16 413.16
 413.22 413.22 413.22 413.22 413.22 413.22 413.22 413.22 413.22 413.22 413.22 413.22 413.22 413.22 413.22 413.22 413.22 413.22 413.22 413.22 413.22 413.22 413.22 413.22
 411.63 411.63 411.63 411.63 411.63 411.63 411.63 411.63 411.63 411.63 411.63 411.63 411.63 411.63 411.63 411.63 411.63 411.63 411.63 411.63 411.63 411.63 411.63 411.63
 412.52 412.81 412.38 412.58 414.49 416.65 417.76 418.20 418.42 415.94 411.67 408.83 408.72 410.00 412.17 412.73 411.64 409.46 408.61 408.53 408.47 408.47 408.58 410.35
 414.84 415.90 414.76 414.82 416.56 417.39 416.71 416.71 416.32 414.48 411.10 408.93 409.29 410.65 412.92 413.90 412.07 409.84 409.44 409.02 409.40 409.18 409.94 411.86
 414.58 416.23 416.46 416.65 417.13 416.54 415.66 415.12 415.98 413.81 411.89 410.77 410.80 411.81 413.53 413.65 413.21 411.60 410.13 410.19 410.31 410.33 410.68 412.21
 413.63 414.80 415.57 416.05 416.01 414.93 413.96 416.09 415.81 414.66 412.89 412.32 412.36 412.97 413.44 413.71 413.71 412.70 411.85 410.98 411.18 411.17 411.43 412.24
 413.98 414.24 414.37 414.80 414.57 413.59 414.17 415.08 416.06 414.65 413.65 413.32 413.40 413.39 413.58 413.49 413.33 413.08 412.57 412.05 411.43 411.66 412.27 413.32
 414.42 414.06 413.74 413.93 413.88 413.98 414.02 414.62 414.47 414.12 413.66 413.67 413.77 413.76 413.62 413.44 413.31 413.45 413.45 413.00 412.20 412.38 413.38 414.43
 414.26 413.90 413.75 413.81 414.02 414.11 414.10 413.93 413.64 413.46 413.51 413.62 413.81 413.94 413.92 413.73 413.74 414.00 414.19 413.90 413.26 413.35 414.00 414.58
 413.97 413.78 413.72 413.70 413.70 413.84 413.91 413.77 413.51 413.28 413.25 413.29 413.46 413.69 413.96 414.05 414.17 414.29 414.43 414.43 414.10 414.00 414.09 414.15
 413.61 413.55 413.53 413.51 413.44 413.52 413.68 413.69 413.42 413.18 413.03 413.08 413.21 413.38 413.68 413.99 414.11 414.08 414.09 414.03 414.00 413.89 413.77 413.74
 413.45 413.43 413.41 413.38 413.28 413.37 413.54 413.66 413.47 413.15 412.96 412.96 413.08 413.17 413.41 413.67 413.86 413.85 413.78 413.78 413.71 413.60 413.50 413.47
 413.40 413.40 413.40 413.40 413.40 413.40 413.40 413.40 413.40 413.40 413.40 413.40 413.40 413.40 413.40 413.40 413.40 413.40 413.40 413.40 413.40 413.40 413.40 413.40
 417.28 417.28 417.28 417.28 417.28 417.28 417.28 417.28 417.28 417.28 417.28 417.28 417.28 417.28 417.28 417.28 417.28 417.28 417.28 417.28 417.28 417.28 417.28 417.28
 419.03 420.18 419.59 419.05 419.24 419.65 419.95 419.98 419.85 418.37 416.95 416.44 416.77 417.14 417.44 418.34 418.69 418.14 416.40 414.74 414.15 413.94 414.68 416.65
 420.17 420.78 420.26 419.42 419.81 420.07 419.53 420.22 420.02 419.48 417.11 416.08 416.16 416.42 417.03 417.54 418.40 418.19 417.17 415.73 414.04 413.84 415.07 417.25
 418.30 419.90 420.01 419.90 420.04 420.03 419.76 419.39 420.31 418.45 416.64 415.41 415.37 415.50 415.89 416.51 416.37 416.90 416.80 415.32 414.11 413.60 414.51 416.34
 416.35 417.36 418.15 418.28 418.67 418.95 418.84 419.75 418.84 417.81 415.46 414.67 414.67 414.68 414.88 414.85 414.89 414.85 414.97 414.68 413.54 413.30 413.82 414.75
 415.30 415.80 415.99 416.24 416.35 416.66 417.14 417.32 417.45 415.90 414.82 414.30 414.39 414.26 414.16 414.03 413.67 413.61 413.69 413.55 413.12 413.07 413.68 414.61
 414.73 414.63 414.58 414.64 414.61 414.55 414.63 415.09 415.06 414.75 414.21 414.14 414.26 414.23 414.13 413.74 413.46 413.30 413.30 412.95 412.63 413.00 414.04 414.79
 414.56 414.35 414.33 414.39 414.12 413.74 413.49 413.55 413.63 413.70 413.75 413.89 414.04 414.20 414.20 413.90 413.51 413.26 413.15 412.89 412.65 413.36 414.29 414.82
 414.37 414.25 414.10 414.01 413.81 413.72 413.64 413.66 413.58 413.51 413.54 413.62 413.78 413.98 414.23 414.05 413.64 413.31 413.21 413.07 413.11 413.58 414.22 414.51
 414.08 413.96 413.81 413.67 413.55 413.60 413.75 413.79 413.60 413.43 413.34 413.44 413.58 413.75 413.99 413.98 413.70 413.43 413.42 413.39 413.47 413.66 413.87 414.08
 413.76 413.71 413.61 413.52 413.43 413.54 413.72 413.84 413.69 413.44 413.30 413.32 413.44 413.57 413.73 413.74 413.69 413.58 413.58 413.63 413.59 413.61 413.63 413.73
 413.57 413.57 413.57 413.57 413.57 413.57 413.57 413.57 413.57 413.57 413.57 413.57 413.57 413.57 413.57 413.57 413.57 413.57 413.57 413.57 413.57 413.57 413.57 413.57
 422.50 422.50 422.50 422.50 422.50 422.50 422.50 422.50 422.50 422.50 422.50 422.50 422.50 422.50 422.50 422.50 422.50 422.50 422.50 422.50 422.50 422.50 422.50 422.50
 425.40 425.41 424.61 423.49 422.88 422.71 423.24 424.05 424.51 423.92 422.73 421.62 420.96 420.64 421.87 426.01 426.93 425.96 421.75 419.94 419.61 419.33 420.29 422.94
 426.78 427.03 425.07 423.09 422.59 422.12 422.37 423.44 424.25 423.50 421.91 420.75 420.13 419.85 421.53 423.97 427.24 425.09 423.11 421.23 418.91 418.67 420.45 423.24
 423.58 424.86 424.13 422.76 422.03 420.21 421.40 422.46 424.79 421.78 420.14 418.85 418.49 418.26 419.14 421.99 421.52 422.95 422.19 420.15 418.25 417.53 418.94 421.19
 418.77 419.24 420.07 420.15 419.54 417.66 418.55 423.91 423.50 420.78 417.76 416.91 416.93 416.75 417.52 417.70 418.30 418.20 418.91 418.53 416.60 416.23 416.95 417.48
 416.20 416.41 416.80 417.25 416.44 415.07 417.81 419.79 421.88 418.01 416.17 415.71 415.90 415.87 415.81 415.94 415.49 415.65 415.97 416.05 415.67 415.32 415.69 415.98
 414.95 414.79 414.82 415.02 414.72 415.26 415.73 417.39 417.05 416.43 415.17 415.03 415.27 415.34 415.48 415.17 415.13 415.09 415.28 415.03 414.81 414.82 415.14 415.20
 414.68 414.53 414.51 414.56 414.70 414.86 414.96 414.80 414.50 414.35 414.30 414.38 414.57 414.88 415.08 415.08 414.90 414.79 414.95 414.80 414.59 414.63 414.90 414.96
 414.31 414.12 414.03 413.93 414.01 414.32 414.52 414.41 414.16 413.86 413.88 413.90 414.10 414.42 414.87 414.85 414.59 414.37 414.36 414.46 414.26 414.37 414.57 414.53
 413.95 413.83 413.65 413.52 413.55 413.81 414.07 414.12 413.83 413.62 413.49 413.61 413.77 414.03 414.39 414.47 414.20 413.89 413.93 413.77 413.95 414.00 414.09 414.10
 413.78 413.70 413.62 413.54 413.49 413.67 413.89 414.02 413.84 413.57 413.43 413.47 413.59 413.77 413.99 414.02 413.90 413.71 413.60 413.66 413.63 413.78 413.81 413.80
 413.69 413.69 413.69 413.69 413.69 413.69 413.69 413.69 413.69 413.69 413.69 413.69 413.69 413.69 413.69 413.69 413.69 413.69 413.69 413.69 413.69 413.69 413.69 413.69
 424.58 424.58 424.58 424.58 424.58 424.58 424.58 424.58 424.58 424.58 424.58 424.58 424.58 424.58 424.58 424.58 424.58 424.58 424.58 424.58 424.58 424.58 424.58 424.58
 427.79 429.43 430.10 429.28 426.50 423.60 422.89 423.70 424.34 424.26 423.76 423.05 422.41 421.89 422.92 425.99 426.85 426.29 423.43 422.20 422.03 421.80 422.41 425.17
 428.76 429.19 428.23 426.27 423.84 421.70 422.13 423.43 424.78 424.02 423.14 422.40 421.76 421.59 422.83 424.77 427.23 425.91 424.46 423.01 421.04 420.67 422.11 424.94
 425.03 426.20 425.16 423.59 422.44 421.95 424.72 426.47 426.25 422.54 421.35 420.35 420.06 419.87 420.98 423.33 423.15 424.14 423.61 421.84 420.03 419.24 420.34 423.04
 420.04 420.13 420.60 420.54 421.00 422.98 428.36 430.94 426.02 421.04 418.80 418.29 418.13 418.12 419.20 419.93 420.39 420.08 420.67 420.33 418.55 417.95 418.58 418.97
 416.66 416.65 417.21 417.78 419.46 423.67 429.60 428.75 424.77 418.48 417.15 416.94 416.92 416.98 417.47 417.95 417.60 417.55 417.87 418.11 417.93 417.31 417.08 416.82
 414.85 414.67 414.97 415.80 418.62 423.34 426.46 425.07 420.56 417.29 416.18 415.98 416.10 416.28 416.76 416.75 416.76 416.50 416.61 416.59 416.74 416.42 415.95 415.30
 414.68 414.51 414.70 415.01 417.48 420.79 422.92 420.84 417.57 415.52 415.13 414.95 415.04 415.54 416.02 416.20 415.94 415.52 415.64 415.63 415.70 415.47 415.27 414.90
 414.42 414.28 414.10 414.08 415.42 417.45 418.95 417.51 415.83 414.29 414.19 414.03 414.26 414.78 415.55 415.51 415.00 414.58 414.55 414.76 414.56 414.57 414.67 414.58
 414.12 413.95 413.68 413.50 413.86 414.55 414.97 414.72 414.06 413.65 413.44 413.56 413.74 414.11 414.69 414.74 414.24 413.75 413.83 413.63 413.88 413.98 414.13 414.18
 413.85 413.76 413.62 413.59 413.64 413.68 413.67 413.63 413.54 413.35 413.26 413.30 413.48 413.72 414.00 413.90 413.60 413.22 412.94 412.98 413.20 413.68 413.84 413.90
 413.43 413.43 413.43 413.43 413.43 413.43 413.43 413.43 413.43 413.43 413.43 413.43 413.43 413.43 413.43 413.43 413.43 413.43 413.43 413.43 413.43 413.43 413.43 413.43
