2020 MONTHLY CO2 (PPMV)   24  12  LON/LAT (N-S/0-360E) IN 15 DEGREE RESOLUTION,  GLB ANNUAL MEAN = 413.28,  GROWTH RATE = 2.66,  MISS DATA = -99.99
 419.66 419.66 419.66 419.66 419.66 419.66 419.66 419.66 419.66 419.66 419.66 419.66 419.66 419.66 419.66 419.66 419.66 419.66 419.66 419.66 419.66 419.66 419.66 419.66
 421.25 421.46 420.86 419.95 419.34 419.39 420.07 421.25 421.77 421.22 420.07 419.16 418.86 418.70 418.51 419.28 419.82 420.28 419.84 419.14 418.26 417.54 417.97 419.48
 421.46 422.24 421.10 419.69 419.28 418.54 418.79 419.76 420.74 420.25 419.12 418.32 417.97 417.62 417.78 418.27 419.80 420.57 420.54 419.96 418.35 417.91 417.96 419.10
 419.25 420.53 420.33 419.48 419.23 418.88 419.72 420.41 420.96 418.59 417.69 416.93 416.43 415.96 416.16 417.26 417.71 419.14 419.54 418.88 418.32 417.35 417.08 417.59
 415.39 415.84 416.75 416.79 417.69 418.58 421.21 422.92 420.32 417.53 415.81 415.22 414.60 414.06 414.42 415.22 415.87 416.01 416.67 417.30 416.39 415.71 414.98 414.62
 412.36 412.86 413.42 413.73 414.93 417.61 421.19 420.77 419.05 415.18 413.97 413.27 412.65 412.48 412.99 413.67 413.69 413.77 414.17 414.58 414.27 413.17 412.58 412.24
 410.50 410.66 411.15 411.30 413.18 416.06 418.24 417.38 414.89 412.93 411.85 411.15 410.88 411.29 412.02 412.45 412.56 412.38 412.52 412.60 412.12 411.34 410.93 410.51
 409.96 410.08 410.25 410.41 411.77 413.87 415.27 413.91 411.66 410.31 409.86 409.54 409.55 410.19 411.08 411.63 411.43 410.91 410.95 410.93 410.80 410.45 410.27 410.09
 409.57 409.44 409.31 409.16 410.00 411.33 412.31 411.22 410.00 408.91 408.81 408.67 408.84 409.33 410.16 410.54 410.18 409.61 409.40 409.60 409.54 409.71 409.83 409.73
 409.15 408.97 408.62 408.40 408.64 409.13 409.34 409.09 408.70 408.43 408.28 408.32 408.44 408.72 409.27 409.50 409.24 408.80 408.74 408.58 408.85 409.02 409.23 409.29
 408.87 408.73 408.56 408.50 408.54 408.50 408.36 408.26 408.24 408.17 408.13 408.15 408.26 408.43 408.68 408.73 408.59 408.35 408.19 408.20 408.34 408.69 408.89 408.92
 408.40 408.40 408.40 408.40 408.40 408.40 408.40 408.40 408.40 408.40 408.40 408.40 408.40 408.40 408.40 408.40 408.40 408.40 408.40 408.40 408.40 408.40 408.40 408.40
 420.26 420.26 420.26 420.26 420.26 420.26 420.26 420.26 420.26 420.26 420.26 420.26 420.26 420.26 420.26 420.26 420.26 420.26 420.26 420.26 420.26 420.26 420.26 420.26
 420.35 421.04 421.29 421.08 420.35 419.83 419.90 420.65 421.10 421.12 420.93 420.58 420.26 419.93 419.58 419.87 420.17 420.83 420.65 420.10 418.94 418.14 418.34 419.20
 419.67 420.54 420.76 420.47 420.05 419.10 419.06 419.94 421.00 421.08 420.42 419.89 419.40 419.00 418.88 419.06 419.87 420.06 420.13 419.58 418.64 418.15 417.91 418.41
 418.05 419.23 419.83 419.95 419.84 419.43 418.90 419.62 420.52 419.83 419.08 418.30 417.73 417.21 417.34 418.12 418.16 418.40 418.02 418.22 418.14 417.43 417.00 417.11
 415.43 416.12 417.16 417.46 418.24 418.56 419.42 419.53 418.86 418.10 416.98 416.39 415.77 415.25 415.67 416.36 416.46 415.79 416.09 416.64 416.55 415.96 415.18 414.79
 412.78 413.55 414.26 414.58 415.43 417.25 418.53 417.88 416.74 415.21 414.75 414.23 413.67 413.55 414.12 414.78 414.73 414.56 414.76 415.06 414.71 413.72 413.03 412.61
 410.82 411.18 411.98 412.21 413.62 415.42 416.84 415.77 414.00 412.61 412.21 411.85 411.79 412.03 412.87 413.40 413.49 413.16 413.21 413.30 412.79 411.94 411.43 410.87
 410.10 410.26 410.68 411.03 412.01 413.52 414.55 413.36 411.37 410.17 409.91 409.83 410.02 410.73 411.58 412.16 411.99 411.41 411.51 411.49 411.36 410.98 410.72 410.38
 409.61 409.50 409.42 409.33 409.99 411.07 411.84 410.87 409.76 408.73 408.66 408.61 408.98 409.65 410.69 410.89 410.46 409.92 409.79 410.00 409.93 410.04 410.09 409.87
 409.14 408.95 408.57 408.27 408.43 408.87 409.13 408.95 408.57 408.23 408.01 408.07 408.31 408.79 409.56 409.84 409.44 408.94 408.96 408.82 409.02 409.08 409.17 409.22
 408.73 408.65 408.44 408.31 408.25 408.25 408.22 408.20 408.12 407.93 407.79 407.82 408.01 408.30 408.74 408.90 408.76 408.40 408.22 408.19 408.28 408.50 408.61 408.69
 408.21 408.21 408.21 408.21 408.21 408.21 408.21 408.21 408.21 408.21 408.21 408.21 408.21 408.21 408.21 408.21 408.21 408.21 408.21 408.21 408.21 408.21 408.21 408.21
 420.40 420.40 420.40 420.40 420.40 420.40 420.40 420.40 420.40 420.40 420.40 420.40 420.40 420.40 420.40 420.40 420.40 420.40 420.40 420.40 420.40 420.40 420.40 420.40
 420.61 420.68 420.51 420.34 419.60 419.29 419.63 420.53 420.88 420.98 421.10 421.02 420.84 420.51 420.10 420.25 420.63 421.66 421.70 421.09 419.75 419.06 419.40 420.13
 420.42 420.50 420.40 420.21 419.94 419.17 419.64 420.60 421.38 421.26 420.62 420.36 420.01 419.69 419.43 419.39 420.04 420.77 421.41 420.45 418.87 418.28 418.72 419.56
 419.26 419.95 420.09 419.99 420.35 421.14 421.60 422.28 422.24 420.55 419.49 418.71 418.35 417.94 417.93 418.48 418.64 419.36 419.33 418.70 417.58 417.10 417.52 418.43
 416.70 417.13 417.76 417.51 419.01 421.24 424.05 423.89 421.95 419.96 417.78 416.87 416.35 415.99 416.33 417.18 417.70 417.78 417.48 417.03 416.27 415.75 415.72 415.85
 413.62 414.41 414.69 414.33 415.65 419.26 421.98 421.14 419.14 416.15 415.00 414.40 414.26 414.25 414.87 416.13 416.94 416.94 416.50 415.90 415.08 414.16 413.60 413.39
 411.34 411.73 412.34 411.81 413.36 415.64 417.66 416.61 414.21 412.31 411.77 411.99 412.35 412.67 413.69 414.90 415.44 415.09 414.49 414.25 413.49 412.54 411.94 411.27
 410.49 410.75 410.96 410.97 411.55 413.01 414.05 412.64 410.50 409.07 409.33 409.76 410.43 411.25 412.28 413.26 413.20 412.48 412.28 412.15 411.96 411.51 411.14 410.73
 409.85 409.72 409.71 409.55 410.08 410.94 411.68 410.75 409.65 408.68 408.65 408.71 409.20 409.99 411.25 411.58 411.13 410.50 410.30 410.52 410.43 410.46 410.41 410.12
 409.22 409.04 408.76 408.61 408.74 409.10 409.30 409.13 408.72 408.30 408.04 408.11 408.41 408.98 409.90 410.29 409.90 409.37 409.39 409.24 409.39 409.35 409.32 409.34
 408.72 408.64 408.53 408.52 408.52 408.53 408.53 408.53 408.38 408.04 407.81 407.83 408.06 408.40 408.95 409.21 409.14 408.78 408.58 408.54 408.55 408.63 408.63 408.69
 408.37 408.37 408.37 408.37 408.37 408.37 408.37 408.37 408.37 408.37 408.37 408.37 408.37 408.37 408.37 408.37 408.37 408.37 408.37 408.37 408.37 408.37 408.37 408.37
 420.41 420.41 420.41 420.41 420.41 420.41 420.41 420.41 420.41 420.41 420.41 420.41 420.41 420.41 420.41 420.41 420.41 420.41 420.41 420.41 420.41 420.41 420.41 420.41
 420.15 420.37 420.63 420.88 420.49 420.30 420.28 420.64 420.74 420.83 420.95 420.93 420.79 420.59 420.10 419.97 420.13 420.64 420.70 420.43 419.89 419.55 419.69 419.97
 419.71 419.77 420.20 420.70 421.20 420.79 421.07 421.29 421.71 421.44 420.76 420.41 420.05 419.70 419.42 419.22 419.53 419.95 420.17 419.89 419.28 419.12 419.32 419.59
 418.73 419.20 419.73 420.34 421.79 423.65 423.60 423.49 422.63 421.09 419.97 419.16 418.76 418.41 418.23 418.43 418.47 419.00 419.29 419.10 418.51 418.23 418.49 418.63
 416.42 416.62 417.26 417.37 420.13 423.60 426.56 424.72 422.35 420.49 418.49 417.57 417.08 416.88 417.04 417.51 417.93 418.47 418.75 418.42 417.72 417.12 416.77 416.27
 413.45 413.83 413.91 413.57 415.78 420.79 423.51 422.00 419.30 416.66 415.61 414.93 414.78 414.95 415.69 416.92 417.82 418.34 418.13 417.66 417.12 415.95 414.76 413.56
 411.17 411.23 411.44 410.63 412.80 415.82 418.43 417.04 414.61 412.71 412.24 412.35 412.55 412.94 414.18 415.83 416.66 416.33 415.67 415.52 415.42 414.29 412.69 411.22
 410.39 410.56 410.53 410.32 411.09 413.00 414.34 412.97 410.84 409.49 409.82 410.28 410.82 411.42 412.48 413.86 414.03 413.21 412.83 412.85 413.05 412.35 411.43 410.49
 409.89 409.77 409.76 409.58 410.18 411.09 411.97 411.07 409.98 409.10 409.27 409.58 410.06 410.56 411.47 411.81 411.45 410.87 410.57 410.76 410.72 410.55 410.39 410.03
 409.40 409.28 409.13 409.07 409.16 409.42 409.60 409.44 409.06 408.74 408.68 408.98 409.46 409.93 410.48 410.58 410.17 409.74 409.75 409.62 409.70 409.58 409.49 409.49
 409.05 408.99 408.93 408.92 408.88 408.85 408.83 408.84 408.74 408.51 408.41 408.55 408.96 409.45 409.85 409.84 409.56 409.21 409.03 409.00 409.00 409.04 409.03 409.04
 408.87 408.87 408.87 408.87 408.87 408.87 408.87 408.87 408.87 408.87 408.87 408.87 408.87 408.87 408.87 408.87 408.87 408.87 408.87 408.87 408.87 408.87 408.87 408.87
 419.07 419.07 419.07 419.07 419.07 419.07 419.07 419.07 419.07 419.07 419.07 419.07 419.07 419.07 419.07 419.07 419.07 419.07 419.07 419.07 419.07 419.07 419.07 419.07
 418.52 418.63 418.34 418.21 418.23 418.53 418.95 419.32 419.56 419.82 420.30 420.43 420.24 419.97 419.25 418.43 418.14 418.39 418.81 418.86 418.67 418.47 418.39 418.42
 417.63 417.79 418.28 418.41 418.65 418.71 418.97 419.69 420.12 420.39 420.05 419.98 419.61 419.13 418.61 417.97 417.69 418.05 418.13 417.92 417.84 418.10 418.07 417.67
 416.29 417.04 418.12 418.43 418.82 419.34 419.43 419.80 420.34 419.91 419.33 418.87 418.59 418.29 417.90 417.53 417.43 417.79 417.86 417.42 417.27 417.51 417.59 416.77
 414.44 414.74 415.84 416.05 416.98 418.48 419.67 419.42 419.22 419.14 418.02 417.47 417.17 417.24 417.18 417.20 417.39 417.82 417.96 417.54 417.18 416.89 416.45 415.12
 412.42 412.31 412.74 412.77 414.01 416.31 417.67 417.06 416.29 415.53 415.27 414.83 414.84 415.25 416.09 417.00 417.44 417.73 417.66 417.49 417.30 416.15 414.77 413.12
 410.76 410.36 410.45 410.47 411.93 413.73 415.22 414.36 412.96 411.96 411.98 412.25 412.44 412.95 414.35 415.96 416.43 415.93 415.50 415.66 415.77 414.62 412.90 411.28
 410.19 410.02 410.08 410.16 410.94 412.19 413.01 411.97 410.39 409.39 409.77 410.24 410.73 411.29 412.43 413.83 414.03 413.19 412.91 413.05 413.33 412.63 411.63 410.53
 409.92 409.79 409.72 409.68 410.13 410.81 411.36 410.69 409.88 409.29 409.48 409.76 410.14 410.53 411.33 411.74 411.58 411.12 410.83 410.99 410.99 410.80 410.61 410.15
 409.65 409.55 409.44 409.33 409.39 409.58 409.71 409.59 409.34 409.15 409.17 409.38 409.70 410.04 410.48 410.63 410.41 410.13 410.14 410.04 410.08 409.93 409.78 409.71
 409.42 409.39 409.31 409.26 409.19 409.17 409.18 409.20 409.16 409.05 409.01 409.11 409.38 409.69 410.00 410.05 409.91 409.67 409.52 409.48 409.46 409.44 409.38 409.39
 409.29 409.29 409.29 409.29 409.29 409.29 409.29 409.29 409.29 409.29 409.29 409.29 409.29 409.29 409.29 409.29 409.29 409.29 409.29 409.29 409.29 409.29 409.29 409.29
 414.64 414.64 414.64 414.64 414.64 414.64 414.64 414.64 414.64 414.64 414.64 414.64 414.64 414.64 414.64 414.64 414.64 414.64 414.64 414.64 414.64 414.64 414.64 414.64
 415.62 415.27 415.64 415.37 414.63 413.55 412.99 412.92 413.02 413.92 415.89 416.90 416.68 416.15 415.12 413.04 411.43 411.45 413.45 415.10 415.20 415.01 415.19 415.33
 415.06 415.71 415.69 415.11 414.20 413.30 412.86 413.51 413.46 414.41 415.38 416.74 416.41 415.53 414.72 413.46 411.67 411.88 413.04 413.87 414.48 414.91 415.22 414.93
 414.18 414.70 415.43 414.71 413.91 412.89 412.01 412.84 413.83 414.59 415.25 416.11 416.08 415.68 415.05 413.95 413.50 413.73 413.97 413.97 414.27 414.97 415.25 414.27
 412.89 413.00 413.89 413.64 413.25 412.39 411.41 411.55 413.51 415.04 415.27 415.57 415.48 415.72 415.36 414.97 414.95 415.48 415.64 415.14 415.04 415.12 414.94 413.54
 412.29 412.34 412.62 412.44 412.49 412.37 411.65 411.51 412.08 413.48 413.88 413.73 413.81 414.33 415.08 415.50 415.60 415.94 416.03 415.96 415.85 415.12 414.15 412.83
 411.83 411.74 411.84 411.55 412.06 412.56 413.15 412.06 411.36 410.90 411.44 411.70 411.82 412.33 413.56 414.90 415.19 414.82 414.62 414.82 414.97 414.23 413.09 412.04
 411.50 411.44 411.35 411.15 411.45 412.33 412.94 411.93 410.45 409.46 409.78 410.13 410.48 410.91 411.90 413.16 413.48 412.88 412.72 412.85 413.12 412.77 412.24 411.60
 411.28 411.19 410.80 410.44 410.61 411.14 411.58 410.93 410.14 409.60 409.69 409.87 410.11 410.35 410.94 411.42 411.54 411.35 411.14 411.26 411.29 411.24 411.33 411.29
 410.83 410.63 410.21 409.88 409.84 410.06 410.22 410.10 409.83 409.61 409.59 409.67 409.84 410.04 410.33 410.58 410.63 410.57 410.58 410.51 410.51 410.40 410.37 410.65
 410.14 410.06 409.82 409.74 409.67 409.72 409.79 409.84 409.76 409.62 409.53 409.56 409.68 409.84 410.05 410.22 410.26 410.18 410.06 410.03 409.96 409.86 409.82 410.00
 409.76 409.76 409.76 409.76 409.76 409.76 409.76 409.76 409.76 409.76 409.76 409.76 409.76 409.76 409.76 409.76 409.76 409.76 409.76 409.76 409.76 409.76 409.76 409.76
 406.54 406.54 406.54 406.54 406.54 406.54 406.54 406.54 406.54 406.54 406.54 406.54 406.54 406.54 406.54 406.54 406.54 406.54 406.54 406.54 406.54 406.54 406.54 406.54
 409.81 408.30 406.59 405.10 405.36 405.92 406.07 405.89 405.92 406.66 408.04 408.59 408.13 407.72 407.31 405.84 404.53 404.32 405.78 407.59 408.15 408.65 408.72 409.18
 411.18 411.35 409.27 407.22 407.04 406.87 406.69 407.01 407.13 408.07 408.83 409.51 409.06 408.27 407.91 407.33 405.84 404.68 405.21 406.01 408.74 409.50 409.87 410.07
 410.97 411.32 411.07 409.42 408.52 408.07 407.82 408.85 409.79 410.20 410.63 411.19 410.90 410.56 410.12 409.41 409.54 408.22 406.25 407.75 409.49 410.96 411.05 410.40
 410.40 410.33 410.85 410.43 409.99 409.37 409.53 410.82 411.90 412.56 412.61 412.77 412.67 412.71 412.37 412.18 412.21 411.43 410.95 410.02 411.62 412.18 412.15 410.97
 411.49 411.25 411.18 411.05 410.81 410.93 411.28 412.29 413.06 413.73 413.36 412.97 412.71 412.99 413.30 413.24 413.14 413.37 413.09 413.00 412.79 412.95 412.61 411.97
 412.45 412.16 411.83 411.32 411.45 411.84 412.28 412.33 412.57 412.60 412.43 411.97 411.80 412.10 412.61 413.05 413.07 413.02 413.07 413.19 413.23 413.04 412.78 412.53
 412.03 411.88 411.46 411.14 411.24 411.81 412.23 412.01 411.54 411.30 411.08 410.96 410.96 411.33 411.85 412.33 412.45 412.27 412.36 412.43 412.55 412.57 412.54 412.33
 411.40 411.10 410.98 410.71 410.80 411.18 411.56 411.31 410.88 410.45 410.38 410.33 410.48 410.78 411.31 411.60 411.66 411.59 411.55 411.66 411.63 411.70 411.81 411.62
 410.66 410.54 410.40 410.37 410.35 410.60 410.91 410.97 410.63 410.32 410.12 410.12 410.18 410.39 410.76 411.08 411.13 411.04 411.05 410.98 411.00 410.93 410.84 410.85
 410.29 410.26 410.24 410.24 410.23 410.43 410.71 410.89 410.68 410.32 410.09 410.06 410.09 410.18 410.41 410.66 410.78 410.71 410.60 410.58 410.50 410.38 410.27 410.27
 410.34 410.34 410.34 410.34 410.34 410.34 410.34 410.34 410.34 410.34 410.34 410.34 410.34 410.34 410.34 410.34 410.34 410.34 410.34 410.34 410.34 410.34 410.34 410.34
 402.74 402.74 402.74 402.74 402.74 402.74 402.74 402.74 402.74 402.74 402.74 402.74 402.74 402.74 402.74 402.74 402.74 402.74 402.74 402.74 402.74 402.74 402.74 402.74
 407.55 406.13 403.80 402.20 403.18 404.37 404.41 403.70 403.66 403.72 403.41 402.98 402.65 402.84 403.33 402.94 402.70 402.48 403.24 403.90 403.99 404.33 404.52 406.02
 410.23 410.17 407.53 405.40 406.03 406.39 405.81 405.58 405.89 406.38 405.61 404.54 404.24 404.32 404.62 404.87 404.58 404.22 404.19 403.96 405.52 405.56 406.37 407.89
 410.12 410.76 410.22 408.69 408.36 408.50 408.03 408.25 409.28 409.48 408.45 407.63 407.24 407.45 407.57 407.42 408.54 407.69 405.56 406.15 406.99 407.60 407.79 408.53
 409.46 409.85 410.35 410.13 410.22 410.17 410.36 410.93 411.22 411.28 410.74 410.22 410.20 410.39 410.38 410.53 410.89 409.94 409.08 407.91 408.96 409.18 409.31 409.10
 410.81 410.74 410.71 410.81 410.92 411.42 411.83 412.27 412.23 412.05 411.66 411.45 411.48 411.65 411.81 411.63 411.39 411.33 410.74 410.33 409.85 410.33 410.57 410.83
 412.15 411.85 411.42 411.17 411.36 411.67 411.94 411.93 411.91 411.74 411.62 411.52 411.60 411.73 411.77 411.64 411.47 411.44 411.37 411.14 410.91 411.18 411.70 412.19
 412.07 411.84 411.40 411.13 411.20 411.49 411.69 411.60 411.42 411.31 411.20 411.20 411.33 411.58 411.73 411.67 411.56 411.53 411.57 411.49 411.41 411.69 412.10 412.34
 411.62 411.36 411.21 410.98 410.98 411.21 411.44 411.39 411.18 410.88 410.80 410.73 410.87 411.17 411.55 411.62 411.55 411.48 411.53 411.60 411.52 411.65 411.81 411.78
 411.03 410.95 410.83 410.80 410.76 410.94 411.21 411.31 411.00 410.69 410.47 410.50 410.58 410.79 411.14 411.39 411.36 411.24 411.24 411.19 411.21 411.19 411.16 411.19
 410.75 410.72 410.70 410.69 410.67 410.86 411.14 411.31 411.08 410.68 410.42 410.40 410.46 410.58 410.81 411.02 411.12 411.06 411.00 410.99 410.91 410.81 410.73 410.73
 410.77 410.77 410.77 410.77 410.77 410.77 410.77 410.77 410.77 410.77 410.77 410.77 410.77 410.77 410.77 410.77 410.77 410.77 410.77 410.77 410.77 410.77 410.77 410.77
 408.55 408.55 408.55 408.55 408.55 408.55 408.55 408.55 408.55 408.55 408.55 408.55 408.55 408.55 408.55 408.55 408.55 408.55 408.55 408.55 408.55 408.55 408.55 408.55
 409.45 409.79 409.31 409.26 410.84 412.70 413.69 414.02 414.21 412.29 408.95 406.66 406.49 407.34 409.04 409.65 408.97 407.22 406.27 406.06 405.98 405.97 406.02 407.48
 411.42 412.48 411.54 411.39 412.81 413.54 413.08 413.15 412.91 411.49 408.69 406.89 407.13 408.20 409.87 410.77 409.66 407.96 407.38 406.76 406.92 406.69 407.28 408.81
 411.32 412.82 413.16 413.24 413.65 413.42 412.76 412.35 412.99 411.18 409.45 408.40 408.46 409.28 410.62 410.78 410.59 409.51 408.19 407.91 407.85 407.87 408.12 409.32
 410.67 411.73 412.52 413.02 413.10 412.52 411.96 413.36 412.88 411.88 410.30 409.74 409.82 410.40 410.82 410.95 411.00 410.24 409.52 408.67 408.75 408.83 409.10 409.65
 411.24 411.52 411.77 412.18 412.01 411.48 411.95 412.53 413.00 411.82 411.00 410.68 410.84 410.97 411.10 410.96 410.73 410.52 410.05 409.62 409.25 409.63 410.15 410.83
 411.87 411.67 411.44 411.57 411.43 411.40 411.36 411.81 411.70 411.44 411.08 411.11 411.27 411.35 411.26 411.01 410.85 410.88 410.79 410.50 410.20 410.60 411.30 411.94
 411.89 411.65 411.46 411.44 411.44 411.31 411.19 411.12 411.03 410.96 411.00 411.08 411.25 411.42 411.44 411.28 411.24 411.37 411.43 411.31 411.15 411.42 411.87 412.17
 411.57 411.39 411.33 411.27 411.19 411.18 411.13 411.09 411.00 410.88 410.83 410.80 410.90 411.12 411.39 411.48 411.55 411.61 411.70 411.76 411.65 411.72 411.79 411.75
 411.19 411.13 411.09 411.08 411.01 411.02 411.09 411.11 410.98 410.84 410.72 410.68 410.70 410.83 411.12 411.40 411.50 411.48 411.48 411.44 411.45 411.42 411.36 411.33
 411.03 411.01 411.00 410.98 410.92 410.97 411.07 411.14 411.03 410.84 410.71 410.67 410.67 410.69 410.88 411.14 411.32 411.33 411.28 411.28 411.22 411.13 411.06 411.04
 410.98 410.98 410.98 410.98 410.98 410.98 410.98 410.98 410.98 410.98 410.98 410.98 410.98 410.98 410.98 410.98 410.98 410.98 410.98 410.98 410.98 410.98 410.98 410.98
 414.21 414.21 414.21 414.21 414.21 414.21 414.21 414.21 414.21 414.21 414.21 414.21 414.21 414.21 414.21 414.21 414.21 414.21 414.21 414.21 414.21 414.21 414.21 414.21
 415.90 416.85 416.25 415.56 415.70 416.18 416.60 416.77 416.77 415.64 414.42 413.80 413.88 414.06 414.45 415.36 415.68 415.08 413.43 411.99 411.47 411.30 411.91 413.64
 416.93 417.73 417.08 416.09 416.31 416.52 416.30 417.11 417.15 416.66 414.55 413.52 413.45 413.70 414.21 414.74 415.58 415.33 414.34 412.89 411.48 411.30 412.33 414.20
 415.29 416.80 417.03 416.68 416.63 416.63 416.68 416.73 417.62 415.83 414.05 412.80 412.71 412.84 413.24 413.82 413.80 414.31 413.97 412.56 411.53 411.18 411.94 413.42
 413.32 414.30 415.17 415.29 415.52 415.86 416.18 417.15 416.20 415.04 412.82 412.04 412.00 412.06 412.30 412.34 412.46 412.33 412.35 411.95 411.05 410.97 411.46 412.13
 412.53 412.96 413.26 413.47 413.57 414.02 414.77 414.90 414.75 413.12 412.16 411.69 411.78 411.75 411.70 411.61 411.26 411.17 411.15 411.04 410.79 410.92 411.47 412.06
 412.23 412.13 412.06 412.08 412.11 412.24 412.43 412.76 412.52 412.12 411.64 411.59 411.73 411.75 411.68 411.30 411.04 410.89 410.87 410.66 410.63 411.11 411.88 412.34
 412.13 411.95 411.86 411.85 411.67 411.44 411.29 411.27 411.26 411.26 411.28 411.37 411.50 411.66 411.66 411.40 411.07 410.87 410.77 410.68 410.75 411.43 412.11 412.40
 411.86 411.71 411.59 411.49 411.36 411.32 411.27 411.26 411.19 411.10 411.10 411.12 411.22 411.40 411.61 411.48 411.17 410.92 410.85 410.82 410.95 411.43 411.91 412.03
 411.53 411.43 411.30 411.20 411.12 411.16 411.26 411.29 411.16 411.04 410.96 410.99 411.05 411.17 411.38 411.40 411.21 411.02 411.01 410.98 411.08 411.27 411.46 411.59
 411.27 411.24 411.17 411.11 411.05 411.12 411.24 411.32 411.22 411.05 410.95 410.94 410.98 411.04 411.16 411.21 411.20 411.14 411.14 411.18 411.15 411.16 411.18 411.25
 411.13 411.13 411.13 411.13 411.13 411.13 411.13 411.13 411.13 411.13 411.13 411.13 411.13 411.13 411.13 411.13 411.13 411.13 411.13 411.13 411.13 411.13 411.13 411.13
 419.44 419.44 419.44 419.44 419.44 419.44 419.44 419.44 419.44 419.44 419.44 419.44 419.44 419.44 419.44 419.44 419.44 419.44 419.44 419.44 419.44 419.44 419.44 419.44
 421.91 422.32 421.96 420.93 420.00 419.55 420.03 421.00 421.52 421.00 419.89 418.80 418.14 417.78 418.69 421.89 422.68 421.96 418.64 417.07 416.65 416.39 417.22 419.48
 423.00 423.72 422.23 420.29 419.44 418.74 419.04 420.37 421.29 420.69 419.16 418.04 417.43 417.17 418.35 420.25 422.99 421.56 419.95 418.13 416.09 415.83 417.27 419.66
 420.26 421.71 421.19 419.72 418.82 417.33 418.44 419.61 421.61 419.06 417.51 416.27 415.91 415.66 416.33 418.60 418.48 419.78 419.01 417.13 415.46 414.82 415.96 417.86
 416.05 416.65 417.46 417.24 416.65 415.44 416.53 420.71 420.14 417.82 415.21 414.44 414.35 414.12 414.76 415.13 415.73 415.57 416.06 415.62 414.00 413.67 414.26 414.77
 413.69 413.99 414.34 414.59 413.98 413.22 415.59 417.04 418.36 415.13 413.66 413.24 413.30 413.22 413.26 413.49 413.13 413.21 413.42 413.49 413.16 412.89 413.20 413.43
 412.54 412.37 412.42 412.57 412.40 412.85 413.26 414.52 414.20 413.67 412.65 412.50 412.66 412.72 412.86 412.61 412.54 412.50 412.68 412.54 412.44 412.51 412.75 412.75
 412.19 412.03 412.02 412.11 412.18 412.21 412.24 412.15 411.97 411.89 411.80 411.82 411.97 412.27 412.46 412.42 412.20 412.06 412.17 412.15 412.15 412.30 412.53 412.51
 411.80 411.60 411.55 411.48 411.53 411.74 411.86 411.78 411.62 411.38 411.37 411.34 411.49 411.80 412.21 412.19 411.90 411.65 411.61 411.73 411.69 411.93 412.14 412.05
 411.43 411.33 411.18 411.08 411.11 411.30 411.49 411.53 411.32 411.16 411.04 411.10 411.19 411.41 411.75 411.84 411.59 411.29 411.30 411.17 411.35 411.47 411.60 411.60
 411.28 411.23 411.17 411.11 411.09 411.21 411.36 411.44 411.31 411.11 411.00 411.01 411.07 411.19 411.38 411.43 411.34 411.18 411.10 411.15 411.13 411.26 411.30 411.30
 411.20 411.20 411.20 411.20 411.20 411.20 411.20 411.20 411.20 411.20 411.20 411.20 411.20 411.20 411.20 411.20 411.20 411.20 411.20 411.20 411.20 411.20 411.20 411.20
 421.48 421.48 421.48 421.48 421.48 421.48 421.48 421.48 421.48 421.48 421.48 421.48 421.48 421.48 421.48 421.48 421.48 421.48 421.48 421.48 421.48 421.48 421.48 421.48
 424.17 425.61 426.13 425.18 422.75 420.49 420.14 421.12 421.74 421.64 421.11 420.42 419.84 419.41 420.12 422.55 423.32 422.97 420.62 419.46 419.12 418.90 419.46 421.67
 424.88 425.78 424.91 422.84 420.69 418.84 419.33 420.75 422.06 421.48 420.55 419.77 419.17 418.98 419.85 421.40 423.64 422.79 421.52 419.98 418.27 418.00 419.11 421.39
 421.82 423.23 422.48 420.78 419.60 419.12 421.45 423.09 423.22 420.09 418.91 417.92 417.56 417.31 418.11 420.08 420.20 421.18 420.45 418.84 417.36 416.72 417.58 419.65
 417.42 417.76 418.33 417.95 418.19 419.79 424.28 426.61 422.67 418.58 416.51 415.97 415.70 415.53 416.37 417.16 417.69 417.33 417.77 417.41 415.98 415.47 415.90 416.25
 414.26 414.47 414.96 415.30 416.48 419.76 424.61 424.13 421.15 416.00 414.81 414.54 414.38 414.33 414.77 415.27 414.98 414.97 415.23 415.48 415.24 414.64 414.43 414.24
 412.52 412.39 412.72 413.36 415.41 418.82 421.13 420.31 417.05 414.61 413.61 413.37 413.42 413.58 414.00 413.99 413.96 413.79 413.99 414.04 414.09 413.76 413.36 412.82
 412.15 412.03 412.24 412.58 414.30 416.51 417.94 416.50 414.21 412.79 412.43 412.26 412.35 412.84 413.28 413.40 413.10 412.72 412.83 412.89 413.01 412.89 412.74 412.41
 411.85 411.71 411.62 411.63 412.58 414.01 415.04 414.00 412.80 411.65 411.56 411.40 411.59 412.08 412.79 412.78 412.28 411.83 411.72 411.90 411.86 412.03 412.17 412.05
 411.54 411.39 411.17 411.03 411.31 411.83 412.14 411.96 411.46 411.14 410.95 411.01 411.12 411.45 412.00 412.09 411.65 411.16 411.15 410.98 411.23 411.41 411.61 411.64
 411.32 411.24 411.13 411.11 411.16 411.20 411.19 411.16 411.08 410.92 410.83 410.84 410.94 411.11 411.38 411.35 411.11 410.77 410.55 410.58 410.76 411.16 411.32 411.36
 410.98 410.98 410.98 410.98 410.98 410.98 410.98 410.98 410.98 410.98 410.98 410.98 410.98 410.98 410.98 410.98 410.98 410.98 410.98 410.98 410.98 410.98 410.98 410.98
